M|4012|389|78
M|4012|389|47
M|4012|389|47
M|3986|392|47
M|3640|275|46
M|3396|180|47
M|3208|118|47
M|2985|51|47
M|2818|0|47
M|2783|0|47
M|2759|0|47
M|2748|0|47
M|2735|0|46
M|2723|5|47
M|2713|9|47
M|2700|15|47
M|2688|21|47
M|2679|29|47
M|2671|42|47
M|2665|50|47
M|2660|55|46
M|2653|59|47
M|2652|59|47
M|2651|60|47
M|2649|60|47
M|2648|61|47
mousebtn|LButton|Down|31
M|2648|61|16
M|2648|61|47
M|2648|61|46
mousebtn|LButton|Up|0
M|2648|61|47
M|2648|61|47
M|2648|61|47
M|2648|61|47
M|2648|61|47
M|2648|61|47
M|2648|61|47
M|2648|61|46
M|2648|61|47
M|2648|61|47
M|2648|61|47
M|2648|61|47
M|2648|61|47
M|2648|61|47
M|2652|61|47
M|2663|61|46
M|2710|70|47
M|2812|106|47
M|2971|172|47
M|3104|214|47
M|3161|240|47
M|3221|266|47
M|3273|285|47
M|3320|302|46
M|3385|315|47
M|3508|331|47
M|3624|336|47
M|3722|336|47
M|3824|338|47
M|3878|348|47
M|3916|357|47
M|3925|362|46
M|3925|362|47
M|3925|362|47
M|3925|362|47
M|3925|362|47
M|3925|362|47
M|3925|362|47
M|3922|363|47
M|3922|363|46
M|3924|363|47
M|3969|352|47
M|4039|334|47
M|4096|320|47
M|4182|296|47
M|4268|270|47
M|4326|252|47
M|4369|245|46
M|4400|242|47
M|4416|240|47
M|4424|241|47
M|4427|244|47
M|4429|246|47
M|4432|252|47
M|4437|256|47
M|4437|257|46
M|4439|258|47
M|4439|258|47
M|4439|258|47
M|4439|258|47
M|4440|257|47
M|4440|254|47
M|4440|253|47
M|4440|253|46
M|4440|252|47
M|4440|252|47
M|4440|252|47
M|4440|252|47
M|4440|251|47
M|4440|251|47
M|4440|251|47
M|4440|251|46
M|4440|251|47
M|4440|251|47
M|4440|251|47
M|4440|251|47
M|4440|251|47
M|4440|251|47
M|4440|251|47
M|4440|251|46
M|4440|251|47
mousebtn|LButton|Down|32
M|4440|251|15
M|4440|251|47
M|4440|251|47
mousebtn|LButton|Up|31
M|4440|251|16
M|4440|251|47
M|4440|251|47
M|4440|251|46
M|4440|251|47
M|4440|251|47
M|4440|251|47
M|4440|251|47
M|4440|251|47
M|4440|251|47
M|4440|251|47
M|4440|251|46
M|4440|251|47
M|4440|251|47
M|4440|251|47
M|4440|251|47
M|4440|251|47
M|4440|251|47
M|4440|251|47
M|4440|251|46
M|4440|251|47
M|4440|251|47
M|4440|251|47
M|4440|251|47
M|4440|251|47
M|4440|251|47
M|4440|251|47
M|4440|251|46
M|4440|251|47
M|4440|251|47
M|4440|251|47
M|4440|251|47
M|4440|251|47
M|4440|251|47
M|4440|251|47
M|4440|251|46
M|4440|251|47
M|4440|251|47
M|4440|251|47
M|4414|250|47
M|4370|264|47
M|4323|289|47
M|4076|395|47
M|3946|470|46
M|3879|523|47
M|3836|568|47
M|3809|601|47
M|3792|620|47
M|3788|624|47
M|3775|627|47
M|3754|630|47
M|3739|631|46
M|3735|631|47
M|3734|631|47
M|3734|631|47
M|3734|631|47
mousebtn|LButton|Down|16
M|3734|631|31
M|3734|631|47
mousebtn|LButton|Up|31
M|3734|631|16
M|3734|631|46
M|3734|631|47
M|3734|631|47
M|3734|631|47
M|3734|631|47
M|3734|631|47
M|3734|631|47
M|3734|631|47
M|3734|631|46
M|3734|631|47
M|3734|631|47
M|3734|631|47
M|3734|631|47
M|3734|631|47
M|3734|631|47
M|3734|631|47
M|3734|631|46
M|3734|631|47
M|3734|631|47
M|3734|631|47
M|3734|631|47
M|3734|631|47
M|3734|631|47
M|3734|631|47
M|3734|631|46
M|3734|631|47
M|3734|631|47
M|3734|631|47
M|3734|631|47
M|3734|631|47
M|3734|631|47
M|3734|631|47
M|3734|631|46
M|3734|631|47
M|3734|631|47
M|3734|631|47
M|3734|631|47
M|3734|631|47
M|3734|631|47
M|3753|611|47
M|3807|566|46
M|3982|459|47
M|4100|395|47
M|4174|360|47
M|4244|324|47
M|4266|311|47
M|4294|296|47
M|4321|281|47
M|4343|271|46
M|4358|264|47
M|4372|260|47
M|4380|257|47
M|4382|257|47
M|4387|256|47
M|4393|255|47
M|4400|254|47
M|4406|253|46
M|4410|253|47
M|4417|253|47
M|4421|251|47
M|4427|251|47
M|4431|249|47
M|4434|248|47
M|4436|247|47
M|4436|247|46
M|4436|247|47
M|4436|247|47
M|4436|247|47
M|4436|247|47
M|4436|247|47
M|4436|247|47
M|4436|247|47
M|4436|247|46
mousebtn|LButton|Down|32
M|4436|247|15
M|4436|247|47
M|4436|247|47
mousebtn|LButton|Up|31
M|4436|247|16
M|4436|247|47
M|4436|247|47
M|4436|247|47
M|4436|247|46
M|4436|247|47
M|4436|247|47
M|4436|247|47
M|4436|247|47
M|4436|247|47
M|4436|247|47
M|4436|247|47
M|4436|247|46
M|4436|247|47
M|4436|247|47
M|4432|247|47
M|4399|257|47
M|4363|259|47
M|4321|272|47
M|4222|306|47
M|4069|364|46
M|3882|451|47
M|3806|493|47
M|3769|523|47
M|3744|554|47
M|3729|578|47
M|3724|594|47
M|3722|607|47
M|3722|618|46
M|3722|624|47
M|3722|624|47
M|3722|624|47
M|3722|624|47
M|3722|624|47
M|3722|624|47
M|3722|624|47
M|3722|624|46
mousebtn|LButton|Down|32
M|3722|624|15
M|3722|624|47
M|3722|624|47
mousebtn|LButton|Up|0
M|3722|624|47
M|3722|624|47
M|3722|624|47
M|3722|624|47
M|3722|624|46
M|3722|624|47
M|3722|624|47
M|3740|607|47
M|3812|551|47
M|3962|449|47
M|4215|322|47
M|4307|283|47
M|4338|267|46
M|4365|257|47
M|4384|251|47
M|4406|245|47
M|4416|245|47
M|4427|245|47
M|4432|245|47
M|4438|245|47
M|4441|245|46
M|4442|245|47
M|4442|245|47
M|4442|245|47
M|4442|245|47
M|4442|245|47
M|4442|245|47
M|4442|245|47
M|4442|245|46
mousebtn|LButton|Down|0
M|4442|245|47
M|4442|245|47
mousebtn|LButton|Up|16
M|4442|245|31
M|4442|245|47
M|4442|245|47
M|4442|245|47
M|4442|245|47
M|4442|245|46
M|4438|245|47
M|4428|247|47
M|4405|251|47
M|4358|263|47
M|4257|300|47
M|3973|422|47
M|3894|471|47
M|3819|527|46
M|3797|555|47
M|3788|570|47
M|3783|582|47
M|3777|591|47
M|3768|602|47
M|3760|610|47
M|3751|619|47
M|3745|623|46
M|3744|625|47
M|3742|626|47
M|3742|626|47
M|3742|626|47
mousebtn|LButton|Down|16
M|3742|626|31
M|3742|626|47
mousebtn|LButton|Up|31
M|3742|626|16
M|3742|626|46
M|3742|626|47
M|3743|624|47
M|3747|619|47
M|3752|613|47
M|3766|602|47
M|3801|571|47
M|3847|534|47
M|3908|490|46
M|3949|462|47
M|4018|425|47
M|4080|400|47
M|4134|381|47
M|4192|363|47
M|4246|342|47
M|4308|322|47
M|4339|310|46
M|4368|290|47
M|4385|279|47
M|4395|273|47
M|4404|266|47
M|4409|263|47
M|4412|261|47
M|4417|260|47
M|4423|260|46
M|4429|260|47
M|4430|260|47
M|4435|257|47
M|4438|254|47
M|4438|253|47
mousebtn|LButton|Down|31
M|4438|253|16
M|4438|253|47
mousebtn|LButton|Up|31
M|4438|253|15
M|4438|253|47
M|4438|253|47
M|4438|253|47
M|4438|253|47
M|4436|253|47
M|4425|253|47
M|4411|260|47
M|4387|269|46
M|4306|291|47
M|4219|316|47
M|4077|405|47
M|3900|526|47
M|3770|602|47
M|3685|656|47
M|3666|670|47
M|3666|670|46
M|3666|670|47
M|3684|656|47
M|3689|653|47
M|3698|642|47
M|3703|634|47
M|3703|634|47
M|3703|634|47
mousebtn|LButton|Down|15
M|3703|634|31
mousebtn|LButton|Up|32
M|3703|634|15
M|3703|634|47
M|3703|634|47
M|3704|633|47
M|3782|580|47
M|3945|472|47
M|4119|376|47
M|4237|309|46
M|4266|293|47
M|4285|281|47
M|4313|271|47
M|4343|265|47
M|4383|263|47
M|4418|263|47
M|4437|265|47
M|4439|265|46
M|4439|265|47
M|4442|263|47
M|4447|258|47
M|4448|255|47
M|4448|255|47
mousebtn|LButton|Down|15
M|4448|255|32
M|4448|255|47
mousebtn|LButton|Up|0
M|4448|255|46
M|4448|254|47
M|4444|254|47
M|4432|257|47
M|4402|267|47
M|4248|295|47
M|4144|328|47
M|4091|356|47
M|3886|453|46
M|3736|543|47
M|3726|580|47
M|3726|589|47
M|3729|599|47
M|3731|604|47
M|3734|609|47
M|3734|631|47
M|3734|638|46
M|3734|639|47
mousebtn|LButton|Down|16
M|3734|639|31
mousebtn|LButton|Up|16
M|3734|639|31
M|3734|639|47
M|3734|639|47
M|3733|638|47
M|3734|631|47
M|3747|613|46
M|3825|517|47
M|3978|382|47
M|4100|304|47
M|4198|262|47
M|4252|246|47
M|4286|232|47
M|4328|230|47
M|4364|239|46
M|4383|242|47
M|4397|245|47
M|4405|247|47
M|4413|247|47
M|4421|246|47
M|4424|245|47
M|4428|245|47
M|4430|245|46
M|4430|245|47
mousebtn|LButton|Down|32
M|4430|245|15
M|4430|245|47
mousebtn|LButton|Up|16
M|4430|245|31
M|4430|245|47
M|4428|245|47
M|4410|247|47
M|4390|252|46
M|4352|263|47
M|4261|280|47
M|4156|313|47
M|4051|345|47
M|3778|475|47
M|3696|544|47
M|3693|569|47
M|3693|593|46
M|3694|608|47
M|3702|623|47
M|3710|638|47
M|3714|650|47
M|3714|650|47
M|3714|634|47
M|3716|626|47
mousebtn|LButton|Down|15
M|3716|626|31
M|3716|626|47
mousebtn|LButton|Up|16
M|3716|626|31
M|3716|626|47
M|3716|626|47
M|3782|541|47
M|3987|344|47
M|4113|270|47
M|4171|239|46
M|4221|224|47
M|4297|230|47
M|4357|240|47
M|4380|240|47
M|4417|245|47
M|4428|246|47
M|4429|246|47
M|4430|246|46
M|4432|246|47
M|4435|248|47
M|4435|248|47
M|4437|249|47
mousebtn|LButton|Down|31
M|4437|249|16
M|4437|249|47
mousebtn|LButton|Up|15
M|4437|249|32
M|4438|250|46
M|4410|258|47
M|4370|269|47
M|4282|296|47
M|4191|327|47
M|4137|354|47
M|3968|428|47
M|3799|508|47
M|3693|589|46
M|3693|601|47
M|3695|608|47
M|3705|625|47
M|3710|645|47
M|3712|647|47
M|3716|647|47
M|3717|646|47
M|3719|644|46
M|3719|644|47
mousebtn|LButton|Down|0
M|3719|644|47
M|3719|644|47
mousebtn|LButton|Up|0
M|3719|644|47
M|3719|644|47
M|3719|644|47
M|3719|639|47
M|3733|607|46
M|3776|532|47
M|4055|259|47
M|4273|179|47
M|4344|162|47
M|4411|162|47
M|4455|167|47
M|4463|169|47
M|4467|198|46
M|4470|223|47
M|4468|230|47
M|4458|237|47
M|4450|237|47
M|4446|237|47
M|4438|240|47
M|4437|242|47
M|4437|245|46
M|4438|249|47
M|4438|251|47
mousebtn|LButton|Down|0
M|4438|252|47
mousebtn|LButton|Up|16
M|4438|252|31
M|4438|252|47
M|4438|252|47
M|4435|253|47
M|4422|251|46
M|4378|248|47
M|4236|245|47
M|4127|259|47
M|3897|375|47
M|3775|491|47
M|3759|536|47
M|3754|576|47
M|3754|592|46
M|3755|597|47
M|3756|605|47
M|3756|612|47
M|3756|626|47
M|3756|631|47
M|3756|636|47
M|3756|636|47
mousebtn|LButton|Down|15
M|3756|636|31
mousebtn|LButton|Up|47
M|3756|636|0
M|3756|636|47
M|3756|636|47
M|3756|635|47
M|3797|578|47
M|4028|425|47
M|4123|372|47
M|4322|287|46
M|4388|263|47
M|4395|259|47
M|4397|258|47
M|4397|258|47
M|4407|254|47
M|4419|254|47
M|4424|254|47
M|4429|251|46
M|4434|249|47
M|4438|247|47
M|4440|246|47
M|4441|246|47
mousebtn|LButton|Down|0
M|4441|246|47
mousebtn|LButton|Up|31
M|4441|246|16
M|4441|246|47
M|4441|246|46
M|4441|246|47
M|4434|247|47
M|4404|258|47
M|4280|301|47
M|3995|414|47
M|3888|496|47
M|3837|575|47
M|3816|613|46
M|3816|618|47
M|3812|624|47
M|3780|611|47
M|3764|609|47
M|3759|609|47
M|3749|616|47
M|3744|623|47
M|3741|628|46
mousebtn|LButton|Down|16
M|3740|632|31
mousebtn|LButton|Up|32
M|3740|632|15
M|3740|632|47
M|3746|628|47
M|3782|599|47
M|3881|536|47
M|4023|474|47
M|4183|432|46
M|4315|389|47
M|4371|365|47
M|4406|348|47
M|4415|341|47
M|4420|338|47
M|4424|335|47
M|4430|322|47
M|4437|302|46
M|4439|279|47
M|4440|258|47
M|4444|249|47
M|4445|248|47
M|4446|248|47
M|4446|248|47
M|4446|248|47
mousebtn|LButton|Down|15
M|4446|248|31
M|4446|248|47
mousebtn|LButton|Up|0
M|4446|248|47
M|4446|248|47
M|4446|248|47
M|4440|252|47
M|4418|268|47
M|4278|314|47
M|4106|369|46
M|3791|510|47
M|3722|593|47
M|3713|617|47
M|3716|640|47
M|3724|644|47
M|3726|644|47
M|3738|638|47
M|3740|635|46
M|3740|635|47
M|3740|635|31
mousebtn|LButton|Down|16
M|3740|635|47
mousebtn|LButton|Up|0
M|3740|635|47
M|3740|635|47
M|3740|635|47
M|3744|627|47
M|3758|608|46
M|3837|550|47
M|4044|440|47
M|4257|363|47
M|4304|340|47
M|4353|313|47
M|4388|304|47
M|4399|296|47
M|4410|281|46
M|4411|276|47
M|4416|268|47
M|4426|264|47
M|4439|261|47
M|4444|258|47
M|4447|254|47
M|4447|254|47
M|4447|254|46
mousebtn|LButton|Down|32
M|4442|252|15
M|4442|252|47
mousebtn|LButton|Up|0
M|4442|252|47
M|4442|252|47
M|4442|252|47
M|4439|252|47
M|4413|269|47
M|4328|305|46
M|4220|337|47
M|4090|380|47
M|3828|516|47
M|3780|567|47
M|3779|581|47
M|3779|587|47
M|3779|589|47
M|3779|592|46
M|3771|616|47
M|3758|627|47
M|3745|636|47
M|3742|637|47
mousebtn|LButton|Down|47
M|3741|637|0
M|3741|637|47
mousebtn|LButton|Up|31
M|3741|637|16
M|3741|637|46
M|3741|637|47
M|3742|632|47
M|3815|564|47
M|3938|466|47
M|4261|319|47
M|4395|278|47
M|4431|260|47
M|4438|252|46
M|4441|249|47
M|4444|246|47
M|4444|246|47
M|4444|246|47
M|4444|246|47
M|4444|246|47
M|4444|246|47
mousebtn|LButton|Down|31
M|4444|246|15
M|4444|246|47
mousebtn|LButton|Up|0
M|4444|246|47
M|4444|246|47
M|4444|246|47
M|4444|246|47
M|4444|246|47
M|4444|246|47
M|4413|259|46
M|4191|296|47
M|3874|412|47
M|3791|481|47
M|3758|544|47
M|3751|569|47
M|3754|582|47
M|3757|601|47
M|3758|606|46
M|3758|609|47
M|3753|619|47
M|3750|623|47
M|3750|628|47
M|3749|629|47
mousebtn|LButton|Down|0
M|3749|629|47
mousebtn|LButton|Up|0
M|3749|629|47
M|3755|619|46
M|3859|523|47
M|4085|379|47
M|4275|311|47
M|4328|290|47
M|4355|278|47
M|4368|275|47
M|4376|272|47
M|4388|271|46
M|4394|269|47
M|4403|266|47
M|4411|261|47
M|4416|257|47
M|4420|251|47
M|4425|248|47
M|4429|246|47
M|4435|245|46
M|4436|245|47
mousebtn|LButton|Down|32
M|4437|244|15
M|4437|244|47
mousebtn|LButton|Up|0
M|4437|244|47
M|4437|244|47
M|4431|247|47
M|4419|251|47
M|4381|267|46
M|4293|305|47
M|4003|422|47
M|3815|536|47
M|3780|575|47
M|3770|594|47
M|3768|602|47
M|3763|613|47
M|3759|616|46
M|3748|619|47
M|3742|621|47
mousebtn|LButton|Down|31
M|3741|622|16
M|3741|622|47
mousebtn|LButton|Up|16
M|3741|622|31
M|3741|622|47
M|3760|596|47
M|3907|481|46
M|4248|344|47
M|4412|290|47
M|4421|282|47
M|4424|278|47
M|4426|276|47
M|4436|272|47
M|4454|257|62
M|4456|249|31
M|4456|247|47
M|4456|246|47
M|4454|246|47
M|4451|246|47
M|4447|246|47
M|4446|247|47
mousebtn|LButton|Down|15
M|4446|247|32
mousebtn|LButton|Up|46
M|4446|247|0
M|4446|247|47
M|4446|247|47
M|4446|247|47
M|4446|247|47
M|4436|252|47
M|4406|265|47
M|4287|307|47
M|4083|391|46
M|3875|504|47
M|3831|542|47
M|3804|585|47
M|3800|592|47
M|3800|595|47
M|3797|616|47
M|3780|631|47
M|3763|635|46
M|3748|639|47
M|3741|639|47
M|3740|639|47
mousebtn|LButton|Down|16
M|3740|639|31
M|3740|639|47
mousebtn|LButton|Up|0
M|3740|639|47
M|3739|639|47
M|3739|629|46
M|3777|599|47
M|3875|511|47
M|4071|404|47
M|4303|304|47
M|4368|273|47
M|4390|260|47
M|4396|256|47
M|4407|253|46
M|4424|249|47
M|4438|249|47
M|4444|249|47
M|4444|249|47
M|4445|249|47
M|4447|249|47
M|4448|248|47
M|4444|242|46
M|4441|238|47
M|4441|238|47
M|4441|238|47
M|4441|238|47
M|4439|241|47
M|4435|250|47
mousebtn|LButton|Down|47
M|4435|250|0
M|4435|250|46
mousebtn|LButton|Up|32
M|4435|250|47
M|4435|250|46
M|4435|250|47
M|4435|250|47
M|4435|250|47
M|4435|250|47
M|4423|258|47
M|4295|292|47
M|3923|412|47
M|3732|512|46
M|3714|561|47
M|3706|595|47
M|3705|606|47
M|3709|611|47
M|3714|623|47
M|3716|629|47
M|3718|634|47
M|3718|634|46
mousebtn|LButton|Down|0
M|3718|634|47
mousebtn|LButton|Up|32
M|3718|634|15
M|3718|634|47
M|3718|634|47
M|3735|616|47
M|3807|579|47
M|4001|490|47
M|4291|390|46
M|4329|368|47
M|4337|349|47
M|4344|327|47
M|4346|318|47
M|4353|313|47
M|4373|300|47
M|4393|289|47
M|4399|283|46
M|4409|278|47
M|4415|273|47
M|4418|265|47
M|4423|258|47
M|4426|255|47
M|4428|253|47
M|4433|249|47
M|4435|247|46
M|4438|244|47
mousebtn|LButton|Down|32
M|4439|243|15
M|4439|243|47
mousebtn|LButton|Up|16
M|4439|243|31
M|4439|243|47
M|4439|243|47
M|4439|243|47
M|4438|243|46
M|4427|260|47
M|4401|303|47
M|4359|348|47
M|4218|419|47
M|4025|493|47
M|3902|542|47
M|3878|557|47
M|3842|574|46
M|3807|586|47
M|3791|595|47
M|3791|595|47
M|3784|599|47
M|3779|602|47
M|3771|613|47
M|3760|627|47
M|3756|634|46
mousebtn|LButton|Down|32
M|3750|645|15
M|3747|654|47
M|3747|655|47
mousebtn|LButton|Up|47
M|3748|655|0
M|3748|655|47
M|3748|655|47
M|3748|655|47
M|3748|655|46
M|3737|625|47
M|3735|620|47
mousebtn|LButton|Down|31
M|3735|620|16
M|3735|620|47
mousebtn|LButton|Up|0
M|3735|620|47
M|3735|620|47
M|3735|620|47
M|3735|620|46
M|3735|620|47
M|3735|620|47
M|3735|620|47
M|3735|620|47
M|3735|620|47
M|3735|619|47
M|3740|616|47
M|3768|597|46
M|3860|554|47
M|4062|467|47
M|4177|398|47
M|4217|356|47
M|4234|330|47
M|4257|311|47
M|4283|297|47
M|4356|292|46
M|4392|281|47
M|4407|272|47
M|4425|262|63
M|4433|259|31
M|4452|258|47
M|4454|258|47
M|4456|258|47
M|4456|258|46
M|4441|257|47
M|4438|257|47
M|4436|256|47
mousebtn|LButton|Down|31
M|4436|256|16
M|4436|256|47
mousebtn|LButton|Up|15
M|4436|255|32
M|4436|255|47
M|4436|255|46
M|4436|255|47
M|4436|255|47
M|4424|266|47
M|4395|291|47
M|4294|315|47
M|4062|363|47
M|3678|526|47
M|3588|607|46
M|3589|614|47
M|3625|619|47
M|3676|619|47
M|3711|617|47
M|3721|611|47
M|3721|611|47
M|3721|611|47
M|3721|623|46
M|3721|637|47
mousebtn|LButton|Down|32
M|3721|637|15
M|3721|637|47
mousebtn|LButton|Up|0
M|3721|637|47
M|3721|637|47
M|3721|637|47
M|3728|636|47
M|3824|560|46
M|4105|395|47
M|4312|301|47
M|4366|265|47
M|4381|257|47
M|4381|257|47
M|4388|257|47
M|4395|261|47
M|4397|262|46
M|4407|262|47
M|4419|262|47
M|4424|260|47
M|4429|256|47
M|4433|253|47
M|4435|251|47
M|4436|248|47
M|4437|246|46
M|4437|246|47
mousebtn|LButton|Down|32
M|4437|246|15
mousebtn|LButton|Up|31
M|4437|246|16
M|4437|246|47
M|4437|246|47
M|4437|246|47
M|4437|246|47
M|4437|246|46
M|4431|257|47
M|4406|275|47
M|4264|304|47
M|3774|455|47
M|3697|528|47
M|3702|561|47
M|3727|588|47
M|3738|597|46
M|3738|618|47
M|3737|631|47
M|3730|644|47
M|3729|645|47
M|3729|645|47
mousebtn|LButton|Down|31
M|3729|645|16
M|3729|645|47
mousebtn|LButton|Up|0
M|3729|645|46
M|3729|645|47
M|3729|644|47
M|3734|626|47
M|3777|593|47
M|4037|436|47
M|4365|330|47
M|4408|305|47
M|4429|276|46
M|4438|261|47
M|4438|261|47
M|4440|260|47
M|4440|260|47
M|4440|260|47
M|4440|260|47
M|4441|255|47
M|4441|255|46
M|4441|253|47
M|4441|253|47
M|4441|253|47
M|4441|253|47
M|4441|253|47
mousebtn|LButton|Down|0
M|4441|253|47
mousebtn|LButton|Up|31
M|4441|253|16
M|4441|253|46
M|4441|253|47
M|4441|253|47
M|4441|253|47
M|4441|253|47
M|4437|254|47
M|4381|292|47
M|4144|401|47
M|3886|551|46
M|3850|601|47
M|3829|628|47
M|3799|643|47
M|3797|643|47
M|3771|641|47
M|3735|631|47
M|3725|632|47
M|3724|635|46
mousebtn|LButton|Down|0
mousebtn|LButton|Up|47
M|3724|635|0
M|3724|635|47
M|3724|635|47
M|3724|635|47
M|3734|629|47
M|3956|531|47
M|4251|445|47
M|4472|376|46
M|4479|336|47
M|4479|321|47
M|4479|316|47
M|4463|299|47
M|4438|282|47
M|4435|269|47
M|4435|258|47
M|4435|251|46
M|4436|249|47
M|4436|249|47
M|4436|249|47
M|4436|249|47
M|4436|249|47
M|4436|249|47
M|4436|249|47
M|4436|249|46
mousebtn|LButton|Down|32
M|4436|249|15
M|4436|249|47
mousebtn|LButton|Up|16
M|4436|249|31
M|4436|249|47
M|4436|249|47
M|4436|249|47
M|4436|249|47
M|4436|249|46
M|4436|249|47
M|4406|263|47
M|4324|305|47
M|4022|441|47
M|3843|559|47
M|3785|600|47
M|3771|608|47
M|3767|609|46
M|3764|610|47
M|3758|613|47
M|3753|620|47
M|3742|632|47
M|3741|633|47
mousebtn|LButton|Down|15
M|3741|633|32
M|3741|633|47
mousebtn|LButton|Up|15
M|3741|633|31
M|3741|633|47
M|3742|632|47
M|3800|589|47
M|3925|522|47
M|4106|446|47
M|4276|388|47
M|4373|345|47
M|4398|328|46
M|4407|318|47
M|4411|309|47
M|4414|303|47
M|4420|294|47
M|4424|283|47
M|4428|274|47
M|4430|271|47
M|4431|270|46
M|4432|267|47
M|4434|264|47
M|4438|257|47
M|4439|255|47
M|4439|255|47
M|4440|253|47
mousebtn|LButton|Down|0
M|4440|253|47
mousebtn|LButton|Up|15
M|4440|253|31
M|4440|253|47
M|4440|253|47
M|4440|253|47
M|4438|253|47
M|4401|269|47
M|4338|288|47
M|4166|341|47
M|3737|529|46
M|3630|620|47
M|3623|639|47
M|3622|649|47
M|3626|656|47
M|3670|662|47
M|3712|657|47
M|3726|654|47
M|3748|645|46
M|3752|640|47
M|3753|639|47
mousebtn|LButton|Down|31
M|3753|639|16
M|3753|639|47
mousebtn|LButton|Up|0
M|3753|639|47
M|3753|639|47
M|3753|639|47
M|3780|611|46
M|3918|485|47
M|4216|295|47
M|4311|241|47
M|4329|224|47
M|4357|214|47
M|4372|210|47
M|4393|213|47
M|4412|231|46
M|4422|237|47
M|4426|240|47
M|4431|245|47
M|4431|245|47
M|4435|245|47
M|4435|245|47
M|4436|245|47
M|4437|245|46
M|4437|245|47
M|4437|245|47
M|4437|245|47
mousebtn|LButton|Down|16
M|4437|245|31
M|4437|245|47
mousebtn|LButton|Up|15
M|4437|245|32
M|4437|245|47
M|4437|245|46
M|4437|245|47
M|4435|245|47
M|4411|245|47
M|4370|244|47
M|4299|246|47
M|4191|271|47
M|3993|366|47
M|3769|536|46
M|3729|614|47
M|3729|620|47
M|3731|626|47
M|3743|626|47
M|3746|626|47
M|3747|626|47
M|3747|626|47
mousebtn|LButton|Down|0
M|3747|626|46
M|3747|626|47
mousebtn|LButton|Up|0
M|3747|626|47
M|3747|626|47
M|3749|625|47
M|3765|588|47
M|3923|449|47
M|4220|339|47
M|4335|294|46
M|4349|286|47
M|4359|277|47
M|4362|275|47
M|4375|271|47
M|4394|266|47
M|4415|266|47
M|4431|266|47
M|4434|266|46
M|4437|265|47
M|4442|259|47
M|4442|255|47
M|4442|255|47
M|4442|254|47
M|4442|254|47
mousebtn|LButton|Down|31
M|4442|254|16
M|4442|254|46
mousebtn|LButton|Up|16
M|4442|254|31
M|4442|254|47
M|4442|254|47
M|4442|254|47
M|4442|254|47
M|4437|254|47
M|4409|265|47
M|4321|303|46
M|4208|366|47
M|4105|433|47
M|3821|570|47
M|3772|602|47
M|3771|605|47
M|3759|615|47
M|3745|631|47
M|3739|639|46
M|3733|645|47
M|3731|647|47
mousebtn|LButton|Down|31
M|3731|647|16
M|3731|647|47
mousebtn|LButton|Up|16
M|3731|647|31
M|3731|647|47
M|3731|647|47
M|3731|647|46
M|3731|647|47
M|3763|605|47
M|3979|428|47
M|4216|307|47
M|4303|275|47
M|4329|267|47
M|4345|264|47
M|4371|258|46
M|4376|256|47
M|4396|256|47
M|4422|256|47
M|4423|255|47
M|4435|252|47
M|4442|251|47
M|4443|251|47
M|4443|251|46
mousebtn|LButton|Down|16
M|4443|251|31
M|4443|251|47
mousebtn|LButton|Up|0
M|4443|251|47
M|4443|251|47
M|4443|251|47
M|4434|252|47
M|4411|254|47
M|4355|268|46
M|4289|295|47
M|4200|341|47
M|3972|442|47
M|3817|534|47
M|3795|558|47
M|3770|591|47
M|3765|601|47
M|3761|609|46
M|3756|616|47
M|3751|624|47
M|3750|625|47
M|3747|627|47
M|3745|628|47
mousebtn|LButton|Down|0
M|3745|628|47
M|3745|628|47
mousebtn|LButton|Up|0
M|3745|628|46
M|3745|628|47
M|3745|627|47
M|3796|586|47
M|3881|533|47
M|4050|446|47
M|4240|374|47
M|4265|360|47
M|4281|348|46
M|4317|335|47
M|4335|323|47
M|4355|311|47
M|4367|304|47
M|4378|299|47
M|4403|295|47
M|4422|289|47
M|4435|280|46
M|4439|278|47
M|4445|274|47
M|4446|270|47
M|4447|265|47
M|4447|258|47
M|4447|258|47
M|4447|257|47
M|4447|257|46
mousebtn|LButton|Down|16
M|4447|257|31
mousebtn|LButton|Up|32
M|4447|257|15
M|4447|257|47
M|4447|257|47
M|4444|258|47
M|4430|262|47
M|4405|267|47
M|4353|275|46
M|4306|283|47
M|4252|297|47
M|4151|331|47
M|3999|394|47
M|3859|499|47
M|3801|581|47
M|3778|620|47
M|3761|643|46
M|3756|651|47
M|3754|652|47
M|3749|653|47
M|3746|654|47
M|3742|648|47
M|3741|638|47
mousebtn|LButton|Down|31
M|3741|637|16
M|3741|637|46
mousebtn|LButton|Up|0
M|3741|637|47
M|3741|637|47
M|3741|637|47
M|3741|637|47
M|3741|637|47
M|3741|637|47
M|3743|632|47
M|3781|596|46
M|3933|503|47
M|4135|411|47
M|4319|342|47
M|4391|318|47
M|4424|303|47
M|4443|295|47
M|4461|287|47
M|4465|282|46
M|4466|271|47
M|4466|264|47
M|4466|261|47
M|4464|255|47
M|4456|250|47
M|4451|249|47
M|4443|249|47
M|4440|249|46
M|4440|249|47
mousebtn|LButton|Down|0
M|4440|249|47
mousebtn|LButton|Up|0
M|4440|249|47
M|4440|249|47
M|4440|249|47
M|4433|254|47
M|4402|268|47
M|4348|283|46
M|4264|318|47
M|4041|413|47
M|3891|494|47
M|3837|548|47
M|3811|581|47
M|3798|594|47
M|3792|603|47
M|3767|622|46
M|3750|631|47
M|3737|633|47
M|3734|635|47
M|3734|635|47
mousebtn|LButton|Down|0
M|3734|635|47
mousebtn|LButton|Up|15
M|3734|635|32
M|3734|634|47
M|3747|612|46
M|3841|517|47
M|3940|448|47
M|4145|355|47
M|4232|318|47
M|4270|301|47
M|4301|288|47
M|4313|283|47
M|4321|281|46
M|4339|278|47
M|4364|273|47
M|4384|269|47
M|4407|268|47
M|4423|265|47
M|4436|262|47
M|4441|258|47
M|4443|256|46
M|4444|253|47
M|4444|252|47
M|4444|252|47
mousebtn|LButton|Down|31
M|4444|252|16
M|4444|252|47
mousebtn|LButton|Up|15
M|4444|252|32
M|4444|252|47
M|4444|251|46
M|4430|255|47
M|4389|273|47
M|4335|297|47
M|4256|332|47
M|4143|377|47
M|3935|458|47
M|3898|498|47
M|3875|532|46
M|3857|550|47
M|3820|574|47
M|3804|585|47
M|3771|613|47
M|3744|630|47
M|3729|633|47
M|3718|636|47
M|3715|637|46
M|3715|637|47
mousebtn|LButton|Down|0
M|3715|637|47
mousebtn|LButton|Up|31
M|3715|637|16
M|3715|637|47
M|3715|637|47
M|3717|636|47
M|3736|622|47
M|3873|525|46
M|4094|423|47
M|4312|362|47
M|4349|331|47
M|4359|316|47
M|4370|304|47
M|4381|295|47
M|4404|280|47
M|4425|271|46
M|4436|265|47
M|4441|259|47
M|4443|256|47
M|4444|252|47
M|4444|252|47
M|4444|252|47
mousebtn|LButton|Down|15
M|4444|252|32
mousebtn|LButton|Up|31
M|4444|252|15
M|4444|252|47
M|4444|252|47
M|4427|257|47
M|4402|266|47
M|4364|277|47
M|4310|301|47
M|4133|368|47
M|3921|480|46
M|3766|603|47
M|3752|633|47
M|3752|634|47
M|3753|634|47
M|3765|626|47
M|3765|626|47
M|3765|626|47
mousebtn|LButton|Down|15
M|3764|626|31
mousebtn|LButton|Up|32
M|3764|626|15
M|3764|626|47
M|3764|626|47
M|3764|626|47
M|3764|626|47
M|3765|619|47
M|3800|592|47
M|3938|491|46
M|4132|396|47
M|4314|343|47
M|4356|325|47
M|4366|318|47
M|4373|311|47
M|4375|310|47
M|4381|302|47
M|4394|291|46
M|4402|284|47
M|4408|278|47
M|4413|275|47
M|4418|269|47
M|4421|264|47
M|4426|259|47
M|4431|255|47
M|4434|251|46
M|4434|251|47
M|4434|251|47
mousebtn|LButton|Down|0
M|4434|251|47
mousebtn|LButton|Up|16
M|4434|251|31
M|4434|251|47
M|4434|251|47
M|4419|257|47
M|4379|268|46
M|4321|280|47
M|4264|300|47
M|4197|330|47
M|4005|411|47
M|3886|487|47
M|3863|518|47
M|3842|546|47
M|3833|562|46
M|3828|570|47
M|3807|590|47
M|3787|606|47
M|3770|621|47
M|3751|631|47
M|3745|634|47
M|3743|634|47
mousebtn|LButton|Down|31
M|3743|634|15
mousebtn|LButton|Up|47
M|3743|634|0
M|3743|634|47
M|3743|634|47
M|3750|621|47
M|3804|560|47
M|3894|480|47
M|4067|396|47
M|4232|338|46
M|4266|327|47
M|4289|319|47
M|4327|307|47
M|4351|298|47
M|4366|290|47
M|4388|280|47
M|4398|275|47
M|4407|270|46
M|4430|268|47
M|4439|266|47
M|4446|260|47
M|4450|257|47
M|4452|255|47
M|4452|251|47
M|4452|250|47
mousebtn|LButton|Down|31
M|4451|250|15
M|4450|250|47
mousebtn|LButton|Up|0
M|4450|250|47
M|4448|250|47
M|4444|252|47
M|4433|260|47
M|4406|272|47
M|4349|290|47
M|4247|328|46
M|4138|382|47
M|3840|529|47
M|3799|565|47
M|3792|573|47
M|3772|592|47
M|3760|602|47
M|3754|606|47
M|3733|629|46
M|3727|635|47
M|3727|635|47
mousebtn|LButton|Down|16
M|3727|635|31
M|3727|635|47
mousebtn|LButton|Up|0
M|3727|635|47
M|3727|632|47
M|3725|621|47
M|3725|621|46
M|3760|623|47
M|4002|553|47
M|4245|451|47
M|4285|374|47
M|4293|347|47
M|4294|323|47
M|4297|307|47
M|4318|302|46
M|4394|297|47
M|4417|295|47
M|4422|293|47
M|4427|289|47
M|4432|279|47
M|4455|257|47
M|4473|244|47
M|4474|240|46
M|4471|240|47
M|4467|240|47
M|4452|247|47
M|4438|251|47
M|4434|253|47
M|4434|253|47
M|4434|253|47
M|4434|253|46
mousebtn|LButton|Down|32
M|4434|253|15
M|4434|253|47
mousebtn|LButton|Up|16
M|4434|253|31
M|4434|253|47
M|4434|253|47
M|4433|255|47
M|4397|287|47
M|4310|335|46
M|4057|407|47
M|3926|455|47
M|3787|532|47
M|3691|613|47
M|3674|641|47
M|3674|648|47
M|3674|652|47
M|3674|654|46
M|3686|647|47
M|3700|636|47
M|3702|634|47
M|3712|626|47
mousebtn|LButton|Down|16
M|3712|626|31
mousebtn|LButton|Up|47
M|3712|626|0
M|3712|626|47
M|3714|626|46
M|3717|626|47
M|3758|655|47
M|3833|641|47
M|3845|642|47
M|3849|644|47
M|3960|597|47
M|4180|415|47
M|4379|270|46
M|4411|244|47
M|4437|215|47
M|4450|213|47
M|4453|213|47
M|4454|225|47
M|4452|233|47
M|4444|239|47
M|4441|243|46
M|4440|245|47
M|4439|247|47
M|4439|250|47
M|4438|251|47
M|4438|253|47
mousebtn|LButton|Down|31
M|4438|255|16
M|4438|255|47
mousebtn|LButton|Up|31
M|4438|255|15
M|4438|255|47
M|4438|255|47
M|4437|256|47
M|4394|255|47
M|4253|261|47
M|4031|329|47
M|3901|410|47
M|3846|470|46
M|3805|531|47
M|3789|554|47
M|3778|568|47
M|3776|573|47
M|3771|591|47
M|3765|604|47
M|3753|618|47
M|3747|630|46
mousebtn|LButton|Down|47
M|3745|634|0
M|3745|634|47
M|3745|634|47
mousebtn|LButton|Up|0
M|3745|634|47
M|3770|598|47
M|3950|474|47
M|4202|371|47
M|4352|312|46
M|4388|285|47
M|4397|275|47
M|4405|270|47
M|4408|267|47
M|4408|266|47
M|4423|259|47
M|4439|255|47
M|4443|254|46
M|4446|253|47
M|4446|253|47
M|4446|253|47
M|4448|252|47
M|4448|252|47
M|4448|252|47
mousebtn|LButton|Down|31
M|4448|252|16
M|4448|252|46
M|4448|252|47
mousebtn|LButton|Up|0
M|4448|252|47
M|4448|252|47
M|4448|252|47
M|4448|252|47
M|4449|252|47
M|4448|253|47
M|4441|255|46
M|4408|266|47
M|4292|316|47
M|4002|437|47
M|3775|561|47
M|3738|589|47
M|3734|597|47
M|3734|599|47
M|3735|600|46
M|3735|600|47
M|3730|623|47
M|3725|632|47
mousebtn|LButton|Down|47
M|3725|632|0
M|3725|632|47
mousebtn|LButton|Up|47
M|3725|632|0
M|3725|632|47
M|3725|632|46
M|3725|632|47
M|3733|625|47
M|3818|559|47
M|4000|453|47
M|4159|381|47
M|4197|365|47
M|4199|364|47
M|4199|364|46
M|4199|364|47
M|4199|364|47
M|4131|406|47
M|4092|426|47
M|4078|432|47
M|4063|440|47
M|4034|453|47
M|4012|462|46
M|3979|474|47
M|3946|488|47
M|3929|496|47
M|3901|507|47
M|3883|517|47
M|3855|530|47
M|3825|546|47
M|3804|559|46
M|3793|565|47
M|3787|568|47
M|3783|570|47
M|3779|571|47
M|3777|571|47
M|3772|575|47
M|3768|577|47
M|3762|581|46
M|3759|583|47
M|3758|585|47
M|3755|587|47
M|3752|590|47
M|3745|596|47
M|3741|601|47
M|3739|604|47
M|3737|608|46
M|3734|610|47
M|3734|611|47
M|3733|611|47
M|3733|611|47
M|3733|611|47
M|3733|611|47
M|3784|556|47
M|3978|423|46
M|4186|329|47
M|4270|292|47
M|4294|280|47
M|4302|277|47
M|4313|272|47
M|4335|265|47
M|4345|264|47
M|4365|263|46
M|4380|260|47
M|4386|258|47
M|4402|254|47
M|4408|251|47
M|4418|249|47
M|4421|248|47
M|4424|247|47
M|4427|246|46
M|4429|245|47
M|4430|245|47
M|4432|244|47
M|4433|243|47
M|4435|242|47
M|4437|241|47
M|4437|241|47
M|4437|241|46
M|4436|241|47
M|4436|242|47
M|4436|243|47
M|4435|244|47
M|4435|245|47
mousebtn|LButton|Down|0
M|4435|246|47
M|4435|246|47
mousebtn|LButton|Up|0
M|4435|246|46
M|4435|246|47
M|4435|247|47
M|4431|252|47
M|4419|259|47
M|4381|277|47
M|4320|303|47
M|4222|337|47
M|3963|449|46
M|3888|496|47
M|3848|527|47
M|3821|555|47
M|3809|569|47
M|3801|579|47
M|3788|596|47
M|3772|608|47
M|3766|612|46
M|3753|622|47
M|3746|627|47
M|3744|629|47
M|3739|637|47
mousebtn|LButton|Down|16
M|3739|637|31
M|3739|637|47
mousebtn|LButton|Up|15
M|3739|637|32
M|3739|637|46
M|3739|637|47
M|3739|637|47
M|3739|637|47
M|3739|637|47
M|3740|635|47
M|3753|609|47
M|3809|554|47
M|4058|422|46
M|4289|294|47
M|4391|242|47
M|4423|225|47
M|4439|216|47
M|4459|215|47
M|4467|221|47
M|4470|234|47
M|4466|249|46
M|4454|256|47
M|4451|257|47
M|4449|257|47
M|4443|251|47
M|4443|251|47
M|4442|250|47
M|4441|249|47
mousebtn|LButton|Down|31
M|4441|249|15
M|4441|249|47
mousebtn|LButton|Up|16
M|4441|249|31
M|4441|249|47
M|4441|249|47
M|4441|249|47
M|4441|249|47
M|4441|249|47
M|4441|249|46
M|4410|265|47
M|4161|377|47
M|3875|498|47
M|3811|529|47
M|3782|560|47
M|3750|598|47
M|3740|609|47
M|3727|625|46
M|3716|639|47
M|3716|639|47
M|3716|640|47
mousebtn|LButton|Down|16
M|3715|642|31
M|3715|642|47
mousebtn|LButton|Up|15
M|3715|642|32
M|3715|642|47
M|3715|641|46
M|3724|626|47
M|3827|542|47
M|4051|413|47
M|4292|318|47
M|4357|299|47
M|4373|290|47
M|4392|285|47
M|4409|279|46
M|4433|273|47
M|4440|270|47
M|4444|267|47
M|4447|262|47
M|4450|257|47
M|4451|255|47
M|4451|254|47
M|4451|253|46
M|4450|253|47
mousebtn|LButton|Down|16
M|4449|253|31
M|4449|253|47
mousebtn|LButton|Up|16
M|4447|253|31
M|4446|253|47
M|4441|255|47
M|4435|260|47
M|4414|276|46
M|4362|323|47
M|4320|351|47
M|4250|412|47
M|4129|467|47
M|3982|535|47
M|3906|573|47
M|3884|589|47
M|3861|598|46
M|3840|609|47
M|3827|615|47
M|3812|618|47
M|3789|636|47
M|3769|639|47
M|3757|638|47
M|3752|639|47
M|3747|639|46
M|3746|639|47
M|3746|639|47
M|3746|639|47
mousebtn|LButton|Down|0
M|3746|639|47
M|3746|639|47
mousebtn|LButton|Up|0
M|3744|637|47
M|3744|636|47
M|3744|634|46
M|3744|634|47
M|3744|634|47
M|3744|631|47
M|3745|626|47
M|3751|622|47
M|3760|617|47
M|3806|579|47
M|4012|466|46
M|4270|371|47
M|4455|287|47
M|4479|252|47
M|4479|231|47
M|4479|220|47
M|4479|212|47
M|4479|212|47
M|4467|232|46
M|4463|241|47
M|4460|252|47
M|4457|259|47
M|4456|259|47
M|4451|259|47
M|4448|259|47
M|4443|255|47
M|4439|248|46
M|4439|248|47
mousebtn|LButton|Down|32
M|4439|248|15
mousebtn|LButton|Up|31
M|4439|248|16
M|4439|248|47
M|4439|248|47
M|4439|248|47
M|4439|248|62
M|4439|248|31
M|4368|294|47
M|3809|520|47
M|3584|621|47
M|3517|652|47
M|3517|655|47
M|3521|660|47
M|3577|662|47
M|3672|662|46
M|3699|656|47
M|3708|646|47
M|3711|645|47
M|3713|644|47
M|3723|636|47
M|3729|631|47
M|3729|631|47
mousebtn|LButton|Down|0
M|3729|631|46
M|3729|631|47
mousebtn|LButton|Up|16
M|3729|631|31
M|3729|631|47
M|3729|631|47
M|3765|598|47
M|3979|507|47
M|4090|476|47
M|4186|441|46
M|4312|380|47
M|4351|352|47
M|4352|342|47
M|4352|332|47
M|4363|310|47
M|4371|302|47
M|4397|293|47
M|4414|287|46
M|4429|279|47
M|4435|269|47
M|4442|258|47
M|4445|244|47
M|4445|244|47
M|4445|243|47
M|4445|243|47
mousebtn|LButton|Down|31
M|4445|243|15
M|4445|243|47
mousebtn|LButton|Up|16
M|4445|243|31
M|4445|243|47
M|4445|243|47
M|4445|243|47
M|4439|247|47
M|4425|265|47
M|4379|300|46
M|4152|404|47
M|3817|545|47
M|3708|596|47
M|3680|629|47
M|3673|646|47
M|3672|651|47
M|3673|651|47
M|3721|641|46
M|3728|641|47
mousebtn|LButton|Down|32
M|3728|641|15
M|3728|641|47
mousebtn|LButton|Up|31
M|3728|641|16
M|3728|641|47
M|3728|641|47
M|3728|641|47
M|3749|619|46
M|3841|557|47
M|4013|485|47
M|4155|435|47
M|4243|394|47
M|4339|351|47
M|4403|322|47
M|4412|315|47
M|4415|311|46
M|4418|308|47
M|4418|292|47
M|4418|279|47
M|4418|271|47
M|4420|262|47
M|4421|259|47
M|4423|257|47
M|4426|252|46
M|4428|251|47
M|4433|249|47
M|4434|249|47
M|4434|249|47
mousebtn|LButton|Down|16
M|4434|249|31
M|4434|249|47
mousebtn|LButton|Up|0
M|4434|249|47
M|4434|249|46
M|4424|253|47
M|4397|264|47
M|4347|281|47
M|4210|339|47
M|3915|464|47
M|3665|591|47
M|3621|628|47
M|3604|661|46
M|3601|670|47
M|3605|671|47
M|3779|626|47
M|3821|621|47
M|3821|621|47
M|3821|621|47
M|3814|622|47
M|3791|622|46
M|3778|625|47
M|3769|629|47
M|3763|630|47
M|3759|632|47
mousebtn|LButton|Down|0
M|3759|633|47
mousebtn|LButton|Up|15
M|3759|633|32
M|3759|633|47
M|3758|633|46
M|3758|633|47
M|3766|625|47
M|3790|609|47
M|3869|555|47
M|3957|503|47
M|4029|461|47
M|4087|426|47
M|4110|410|46
M|4137|399|47
M|4198|386|47
M|4252|379|47
M|4280|373|47
M|4336|353|47
M|4379|338|47
M|4388|332|47
M|4394|323|46
M|4398|317|47
M|4400|308|47
M|4404|295|47
M|4406|280|47
M|4409|272|47
M|4415|261|47
M|4419|256|47
M|4427|250|46
M|4435|243|47
M|4438|241|47
M|4439|240|47
M|4442|241|47
M|4445|252|47
M|4445|256|47
mousebtn|LButton|Down|15
M|4445|256|32
M|4445|256|46
mousebtn|LButton|Up|16
M|4445|256|31
M|4445|256|47
M|4445|256|47
M|4436|256|47
M|4384|265|47
M|4227|287|47
M|4062|322|47
M|3950|390|46
M|3807|511|47
M|3768|591|47
M|3749|630|47
M|3740|644|47
M|3727|659|47
M|3725|661|47
M|3718|645|47
M|3718|635|46
M|3718|635|47
mousebtn|LButton|Down|16
M|3718|635|31
mousebtn|LButton|Up|31
M|3718|635|16
M|3718|635|47
M|3728|616|47
M|3903|495|47
M|4100|406|47
M|4239|347|46
M|4292|321|47
M|4315|300|47
M|4332|286|47
M|4344|279|47
M|4388|271|47
M|4417|269|47
M|4431|268|47
M|4440|266|46
M|4447|263|47
M|4449|260|47
M|4450|255|47
M|4448|251|47
M|4443|249|47
M|4440|248|47
M|4439|248|47
M|4439|248|46
M|4439|248|47
mousebtn|LButton|Down|32
M|4439|248|15
M|4439|248|47
mousebtn|LButton|Up|0
M|4439|248|47
M|4439|248|47
M|4439|248|47
M|4439|248|47
M|4439|248|46
M|4436|247|47
M|4415|256|47
M|4312|288|47
M|4157|343|47
M|4017|420|47
M|3740|591|47
M|3699|631|47
M|3694|640|46
M|3694|645|47
M|3693|650|47
M|3693|650|47
M|3707|643|47
M|3721|635|47
M|3724|633|47
M|3727|632|47
mousebtn|LButton|Down|15
M|3727|632|31
mousebtn|LButton|Up|32
M|3727|632|15
M|3728|628|47
M|3739|607|47
M|3815|551|47
M|4046|434|47
M|4213|357|47
M|4303|291|47
M|4349|261|46
M|4367|254|47
M|4367|254|47
M|4380|252|47
M|4441|256|47
M|4460|257|47
M|4461|257|47
M|4462|256|47
M|4457|254|46
M|4444|251|47
M|4443|251|47
M|4440|250|47
M|4439|249|47
M|4439|249|47
M|4439|249|47
M|4439|249|47
M|4439|249|46
M|4439|249|47
M|4439|249|47
M|4439|249|47
M|4439|249|47
M|4439|249|47
M|4439|249|47
M|4439|249|47
M|4439|249|46
M|4439|249|47
M|4439|249|47
M|4439|249|47
M|4439|249|47
M|4439|249|47
M|4439|249|47
mousebtn|LButton|Down|15
M|4439|249|32
M|4439|249|46
mousebtn|LButton|Up|32
M|4439|249|15
M|4439|249|47
M|4439|249|47
M|4439|249|47
M|4439|249|47
M|4430|252|47
M|4405|265|47
M|4184|330|46
M|3900|425|47
M|3781|492|47
M|3747|532|47
M|3741|551|47
M|3738|571|47
M|3733|600|47
M|3727|621|47
M|3725|627|46
M|3723|634|47
M|3721|637|47
mousebtn|LButton|Down|31
M|3721|637|16
M|3721|637|47
mousebtn|LButton|Up|16
M|3721|637|31
M|3721|637|47
M|3721|637|47
M|3721|637|46
M|3721|638|47
M|3733|632|47
M|3817|582|47
M|4051|479|47
M|4208|412|47
M|4247|383|47
M|4271|358|47
M|4288|343|46
M|4306|327|47
M|4327|316|47
M|4351|306|47
M|4373|296|47
M|4389|289|47
M|4401|283|47
M|4413|278|47
M|4426|273|46
M|4430|270|47
M|4438|267|47
M|4442|264|47
M|4443|258|47
M|4444|255|47
M|4444|255|47
M|4444|255|47
mousebtn|LButton|Down|0
M|4444|255|46
mousebtn|LButton|Up|16
M|4444|255|31
M|4444|255|47
M|4444|255|47
M|4438|258|47
M|4413|269|47
M|4363|284|47
M|4278|308|47
M|4212|337|46
M|4095|385|47
M|3931|464|47
M|3854|521|47
M|3823|549|47
M|3760|607|47
M|3751|614|47
M|3751|615|47
M|3747|616|46
M|3743|617|47
M|3741|617|47
M|3737|625|47
mousebtn|LButton|Down|31
M|3734|629|16
M|3734|629|47
mousebtn|LButton|Up|31
M|3734|629|16
M|3734|629|47
M|3734|629|46
M|3734|629|47
M|3746|621|47
M|3814|590|47
M|4005|507|47
M|4154|444|47
M|4253|374|47
M|4284|344|47
M|4332|318|46
M|4365|302|47
M|4382|289|47
M|4392|283|47
M|4407|275|47
M|4414|273|47
M|4421|270|47
M|4425|268|47
M|4429|265|46
M|4431|263|47
M|4434|263|47
M|4436|262|47
M|4440|261|47
M|4440|260|47
M|4442|260|47
M|4443|259|47
mousebtn|LButton|Down|31
M|4443|259|15
M|4443|259|47
mousebtn|LButton|Up|16
M|4443|259|31
M|4443|259|47
M|4443|259|47
M|4438|259|47
M|4427|264|47
M|4399|273|47
M|4331|284|46
M|4272|302|47
M|4220|344|47
M|4096|434|47
M|3821|569|47
M|3742|621|47
M|3730|629|47
M|3720|635|47
M|3717|636|46
M|3716|636|47
M|3715|638|47
mousebtn|LButton|Down|16
M|3715|638|31
mousebtn|LButton|Up|31
M|3715|638|16
M|3715|638|47
M|3715|638|47
M|3715|634|47
M|3730|621|46
M|3790|578|47
M|3977|483|47
M|4215|392|47
M|4312|339|47
M|4382|306|47
M|4399|299|47
M|4400|299|47
M|4404|298|46
M|4418|297|47
M|4439|291|47
M|4448|279|47
M|4450|272|47
M|4450|266|47
M|4450|264|47
M|4444|261|47
M|4439|257|46
M|4437|255|47
M|4437|253|47
M|4437|253|47
M|4437|253|47
mousebtn|LButton|Down|31
M|4437|253|16
M|4437|253|47
mousebtn|LButton|Up|15
M|4437|253|32
M|4437|253|46
M|4437|253|47
M|4437|253|47
M|4437|253|47
M|4435|253|47
M|4422|262|47
M|4401|288|47
M|4308|344|47
M|3978|474|46
M|3804|578|47
M|3757|615|47
M|3754|622|47
M|3753|624|47
M|3753|624|47
M|3750|626|47
M|3743|631|47
mousebtn|LButton|Down|31
M|3743|631|15
M|3743|631|47
mousebtn|LButton|Up|0
M|3743|631|47
M|3743|631|47
M|3743|630|47
M|3796|581|47
M|4014|429|47
M|4182|346|47
M|4277|295|46
M|4315|272|47
M|4328|265|47
M|4353|260|47
M|4374|260|47
M|4391|262|47
M|4402|264|47
M|4403|264|47
M|4407|264|46
M|4409|263|47
M|4411|262|47
M|4412|261|47
M|4417|260|47
M|4422|258|47
M|4427|258|47
M|4429|257|47
M|4431|256|46
M|4432|255|47
M|4432|255|47
M|4432|255|47
M|4433|254|47
M|4433|254|47
M|4434|253|47
M|4435|253|47
M|4436|251|46
M|4437|250|47
M|4437|250|47
M|4437|249|47
M|4437|249|47
M|4437|249|47
M|4437|249|47
M|4437|249|47
M|4437|249|46
mousebtn|LButton|Down|0
M|4437|249|47
M|4437|249|47
mousebtn|LButton|Up|16
M|4437|249|31
M|4437|249|47
M|4437|249|47
M|4437|249|47
M|4436|249|47
M|4431|250|46
M|4424|251|47
M|4415|253|47
M|4406|254|47
M|4382|257|47
M|4332|266|47
M|4282|284|47
M|4223|315|47
M|4161|349|46
M|4071|390|47
M|4020|421|47
M|3962|458|47
M|3902|495|47
M|3884|506|47
M|3838|532|47
M|3805|554|47
M|3782|572|46
M|3745|595|47
M|3697|621|47
M|3678|631|47
M|3677|632|47
M|3675|633|47
M|3674|634|47
mousebtn|LButton|Down|31
M|3674|634|16
M|3674|634|46
M|3674|634|47
M|3674|634|47
M|3674|634|47
mousebtn|LButton|Up|16
M|3674|634|31
M|3666|634|47
M|3666|634|47
M|3666|634|47
M|3666|634|46
M|3666|634|47
M|3672|629|47
M|3697|616|47
M|3816|549|47
M|4121|431|47
M|4297|363|47
M|4333|328|47
M|4360|297|46
M|4383|277|47
M|4390|269|47
M|4411|262|47
M|4433|254|47
M|4451|248|47
M|4456|245|47
M|4456|245|47
M|4456|245|46
M|4455|245|47
M|4449|247|47
M|4448|247|47
mousebtn|LButton|Down|16
M|4448|247|31
mousebtn|LButton|Up|31
M|4448|248|16
M|4448|248|47
M|4448|248|47
M|4448|248|46
M|4448|248|47
M|4448|248|47
M|4446|248|47
M|4420|257|47
M|4317|282|47
M|4134|340|47
M|3870|463|47
M|3747|531|46
M|3720|555|47
M|3713|571|47
M|3704|591|47
M|3702|601|47
M|3702|608|47
M|3705|615|47
M|3708|619|47
M|3712|623|46
M|3713|625|47
M|3713|625|47
mousebtn|LButton|Down|0
M|3713|625|47
M|3713|625|47
mousebtn|LButton|Up|0
M|3713|625|47
M|3713|625|47
M|3713|625|47
M|3713|625|46
M|3713|625|47
M|3713|625|47
M|3713|625|47
M|3713|625|47
M|3713|625|47
M|3733|609|47
M|3910|484|47
M|4191|369|46
M|4299|318|47
M|4324|299|47
M|4337|290|47
M|4356|281|47
M|4383|272|47
M|4401|265|47
M|4421|259|47
M|4436|256|46
M|4448|252|47
M|4450|251|47
M|4450|251|47
M|4450|251|47
M|4450|251|47
M|4451|250|47
M|4450|250|47
mousebtn|LButton|Down|31
M|4450|250|15
mousebtn|LButton|Up|32
M|4450|250|15
M|4450|250|47
M|4450|250|47
M|4450|250|47
M|4445|252|47
M|4440|256|47
M|4410|273|47
M|4272|317|46
M|4047|356|47
M|3877|419|47
M|3772|484|47
M|3746|508|47
M|3745|528|47
M|3743|554|47
M|3741|580|47
M|3736|605|46
M|3727|630|47
M|3725|637|47
M|3724|641|47
M|3723|643|47
M|3723|643|47
mousebtn|LButton|Down|0
M|3723|643|47
mousebtn|LButton|Up|31
M|3723|643|16
M|3723|643|46
M|3723|643|47
M|3723|643|47
M|3723|638|47
M|3811|514|47
M|4059|388|47
M|4228|329|47
M|4319|303|47
M|4360|282|46
M|4398|263|47
M|4417|256|47
M|4437|251|47
M|4448|247|47
M|4449|247|47
M|4449|247|47
M|4449|247|47
M|4446|248|46
M|4445|249|47
M|4444|249|47
M|4444|249|47
M|4444|249|47
mousebtn|LButton|Down|16
M|4444|249|31
M|4444|249|47
mousebtn|LButton|Up|15
M|4444|249|32
M|4444|249|46
M|4444|249|47
M|4444|249|47
M|4444|249|47
M|4444|249|47
M|4440|252|47
M|4367|281|47
M|4117|353|47
M|3803|459|46
M|3757|498|47
M|3739|543|47
M|3726|572|47
M|3723|582|47
M|3726|591|47
M|3732|606|47
M|3732|613|47
M|3732|618|46
M|3732|620|47
M|3731|625|47
mousebtn|LButton|Down|31
M|3730|626|16
M|3730|626|47
mousebtn|LButton|Up|16
M|3730|626|31
M|3730|626|47
M|3730|627|47
M|3767|599|46
M|3895|507|47
M|4113|414|47
M|4252|374|47
M|4319|335|47
M|4353|310|47
M|4381|293|47
M|4395|283|47
M|4403|275|46
M|4408|271|47
M|4416|266|47
M|4421|262|47
M|4427|260|47
M|4433|258|47
M|4437|255|47
M|4438|255|47
M|4438|253|46
M|4438|252|47
M|4438|252|47
mousebtn|LButton|Down|31
M|4438|252|16
M|4438|252|47
mousebtn|LButton|Up|31
M|4438|252|16
M|4438|252|47
M|4438|252|47
M|4438|252|46
M|4438|252|47
M|4437|252|47
M|4425|254|47
M|4405|260|47
M|4254|307|47
M|4011|375|47
M|3855|458|47
M|3829|496|46
M|3813|538|47
M|3805|564|47
M|3794|600|47
M|3784|615|47
M|3765|628|47
M|3751|640|47
M|3743|643|47
M|3734|643|46
M|3731|641|47
M|3730|637|47
mousebtn|LButton|Down|31
M|3730|637|16
M|3730|637|47
mousebtn|LButton|Up|16
M|3730|637|31
M|3730|637|47
M|3730|637|47
M|3730|637|46
M|3730|637|47
M|3730|637|47
M|3734|633|47
M|3764|612|47
M|3874|543|47
M|4244|409|47
M|4395|352|47
M|4423|325|46
M|4433|310|47
M|4442|297|47
M|4443|294|47
M|4449|282|47
M|4449|270|47
M|4449|263|47
M|4449|261|47
M|4449|258|46
M|4448|253|47
M|4447|251|47
M|4443|249|47
M|4442|248|47
M|4442|248|47
M|4442|248|47
mousebtn|LButton|Down|15
M|4442|248|32
M|4442|248|46
mousebtn|LButton|Up|32
M|4442|248|15
M|4442|248|47
M|4442|248|47
M|4437|248|47
M|4433|250|47
M|4426|256|47
M|4410|268|47
M|4340|294|46
M|4090|356|47
M|3910|422|47
M|3809|486|47
M|3754|536|47
M|3742|554|47
M|3740|564|47
M|3743|572|47
M|3747|589|46
M|3747|600|47
M|3744|620|47
M|3738|632|47
M|3737|634|47
mousebtn|LButton|Down|47
M|3737|635|0
M|3737|635|47
mousebtn|LButton|Up|47
M|3737|635|0
M|3737|635|46
M|3737|635|47
M|3737|635|47
M|3737|635|47
M|3737|635|47
M|3737|635|47
M|3737|635|47
M|3737|635|47
M|3737|635|46
M|3737|635|47
M|3737|635|47
M|3737|635|47
M|3737|635|47
M|3737|635|47
M|3737|635|47
M|3736|634|47
M|3735|634|46
M|3735|634|47
M|3734|633|47
